29699
119371
268959
476678
747381
1077445
1465521
1916138
2429559
3001970
3618755
4310253
5064001
5876318
6747803
7656932
8654544
9712086
10824309
11992794
13247930
14529704
15863968
17232086
18772163
20281315
21866606
23465602
25199630
26954156
28806287
30707816
32713565
34614821
36744715
38877035
41017158
43331107
45588318
47966584
50430832
52838530
55468646
58045402
60842614
63465235
66317754
69134381
72040495
74905409
78130152
81043576
84269378
87507400
90737597
94150010
97568595
100832705
104465242
108211293
111781718
115323819
118997460
122785905
126733413
130580577
134651704
138767171
142834563
147042549
151322304
155447939
159873723
164136164
168728694
173317742
177901847
182727654
187277344
191864181
196768147
201685199
206627781
211521331
217058683
221820164
227057969
232151817
237570018
242967672
248222867
253804598
259810549
264921082
270687752
276561946
282068840
288066310
293945907
299477902
306141573
311804317
317971538
324439357
330510970
337173521
342733933
349841770
356468655
362918722
369298215
376051546
383137087
389535667
396333085
403647784
410095290
417674628
425138225
-426823599
-420117821
-411937608
-405486494
-397941047
-390289769
-382429640
-375601036
-367744421
-360062529
-351106506
-343929135
-336455735
-328725334
-319838224
-312136942
-304717814
-296177701
-287227191
-279034242
-271023366
-262483996
-254054016
-245123569
-236980881
-228253987
-219601863
-210932296
-201574217
-193206236
-183338197
-174869071
-166212114
-157067887
-147859591
-138012478
-128616042
-119528503
-110070356
-100842032
-91251451
-81129293
-70982693
-61756365
-52641884
-43084595
-33170519
-22050042
-12864214
-1561603
7688355
18665410
28153624
38506855
49724391
59783941
70086440
80536110
91305709
103765691
114637997
123721755
134330807
144214741
156497255
167337882
178778001
188984487
201452980
211729072
224995116
235069440
247598779
257863759
270166042
281452200
293661474
305507017
317051094
328300344
340938020
352597075
364247831
376893506
390137394
401474924
414102990
425585915
-419925454
-406975904
-395042433
-382462734
-369494330
-357583451
-343453725
-330688212
-317202278
-304287235
-291005448
-279165775
-265172738
-253244806
-239973389
-225493850
-212664124
-198219959
-185384429
-172937024
-158617187
-145032035
-130417567
-116091216
-102967232
-88684224
-75473234
-61604914
-47081732
-32743125
-20361892
-4541908
10416410
25473872
38591261
52093861
67593138
83165155
96787399
112069770
127435625
142098124
157059165
171130537
187843539
200559541
217706831
233018608
248000721
262259870
278677889
293048247
310869316
326462320
341290667
356951140
370380653
388591344
403725283
420112080
-421999693
-405126913
-390551469
-375338667
-357753691
-338699468
-324285359
-308119840
-290907489
-275420709
-259747461
-243579240
-224201411
-207353546
-192371750
-173229152
-158205072
-140022664
-124035288
-105932133
-90540479
-70920558
-54482242
-36014420
-19657762
-1348160
14272820
35073316
52687460
69001238
86552977
105333546
121027404
138122815
157393311
176544403
195458029
214306578
229219856
250542144
268034389
289209195
306193757
324297815
344074919
361474173
382625470
401083394
419437299
-421622100
-405052541
-383071379
-362027704
-341697093
-324233579
-303687989
-285826301
-266924747
-246235762
-228093467
-210455837
-186452382
-169239957
-150638771
-128363218
-108873583
-86929109
-68892438
-49730757
-29935156
-8187681
11862017
31166714
52517424
74927161
92359641
115481375
132924372
155172671
177162319
195745004
220912743
239709472
261155124
281230396
304527682
322513687
342390067
368237869
387924258
408501498
-427645558
-405622615
-385480136
-364494939
-340439715
-320492893
-297647456
-275432693
-253875862
-235435529
-207871431
-188812469
-165639684
-142677838
-121850303
-97520708
-77425737
-52727070
-32806649
-7748639
9737936
35126673
60174050
83920233
106019348
129654288
150405034
174172700
196361618
221842806
243868086
268044769
292305246
316389431
338750414
361703861
384443817
407090990
-427482688
-400183715
-378863772
-354615660
-330970999
-305916193
-285082249
-256846775
-234916800
-209737673
-186252783
-161608467
-138825301
-109372397
-85972139
-60011500
-37037254
-9954104
14126319
36157798
59767513
90706362
113367928
137526702
164056695
189047334
214848081
242725355
263980613
293013658
316189815
343854543
366906014
392263618
417684821
-415312016
-388180723
-363825599
-336605332
-309589991
-285199341
-258312334
-231121828
-202455069
-178716386
-155398143
-124264130
-98364609
-72309593
-44287484
-16859222
6615508
37222959
63045840
86834589
118548041
142131655
168889190
199087938
226332321
254394662
278312426
306055471
336240211
365221462
391069279
415861364
-412424923
-386431085
-359373535
-331366699
-300246592
-271353930
-245368834
-216750037
-186503671
-162015653
-133335126
-101474314
-76516320
-44993285
-14618676
11632312
39787781
69879818
101557529
125937391
155978178
182428932
213229007
242324708
271816669
303022325
329348606
359432738
390888200
426572661
-412562247
-375881662
-349137222
-317948368
-292097942
-257311640
-230075986
