1556
3506
5607
7829
10094
12443
14825
17268
19694
22162
24673
27273
29878
32429
35075
37725
40364
43008
45656
48322
51050
53810
56533
59285
62096
64880
67731
70517
73311
76157
78982
81812
84626
87530
90331
93206
96057
98873
101746
104598
107509
110424
113392
116332
119312
122332
125234
128210
131246
134148
137200
140184
143213
146197
149187
152191
155200
158232
161238
164340
167287
170363
173323
176351
179456
182514
185589
188627
191568
194604
197691
200795
203867
206920
209943
212984
216030
219174
222146
225351
228343
231398
234533
237661
240849
244029
247158
250247
253432
256646
259777
262963
266173
269288
272471
275664
278851
282059
285200
288480
291643
294723
297965
301158
304320
307662
310816
313931
317139
320344
323668
326719
330086
333258
336494
339700
343045
346119
349486
352635
355825
359056
362296
365542
368737
371933
375116
378446
381619
384880
388214
391435
394764
397790
401087
404324
407724
410872
414113
417374
420587
423867
427037
430370
433816
436890
440053
443379
446585
449842
453013
456481
459633
462872
466250
469375
472743
475977
479210
482463
485777
489069
492199
495656
498947
502309
505582
508878
512432
515535
519078
522300
525768
529121
532333
535788
539153
542560
545824
548993
552593
556025
559313
562555
566200
569313
572809
576213
579605
582934
586360
589784
593151
596454
599869
603186
606690
610116
613357
616823
620216
623580
627026
630368
633719
637162
640556
643989
647322
650782
654116
657539
660882
664398
667730
671045
674639
678018
681405
684857
688261
691517
695025
698531
701891
705288
708749
712279
715620
718962
722443
725835
729237
732648
736098
739613
742972
746522
749710
753273
756690
759923
763473
766890
770209
773743
777236
780552
784072
787346
791006
794219
797906
801277
804618
808095
811474
814987
818296
821875
825094
828612
832144
835481
838932
842592
845959
849390
852916
856340
859681
863318
866472
870017
873515
876844
880287
883799
887271
890697
894252
897679
901012
904530
908036
911469
914727
918156
921759
925339
928721
932264
935612
939014
942462
945933
949528
952807
956271
959872
963192
966584
970115
973514
977037
980530
983973
987535
990752
994210
997700
1001245
1004799
1008193
1011838
1015288
1018545
1021914
1025596
1029207
1032408
1035866
1039386
1042880
1046328
1049807
1053361
1056791
1060303
1063858
1067491
1070941
1074405
1078108
1081668
1085019
1088659
1092196
1095841
1099268
1102918
1106433
1109957
1113413
1116985
1120731
1124234
1127784
1131378
1134897
1138412
1141981
1145516
1149042
1152595
1156287
1159870
1163363
1166997
1170422
1174004
1177630
1181086
1184738
1188271
1191685
1195338
1199059
1202649
1206033
1209712
1213268
1216917
1220420
1224039
1227605
1231132
1234814
1238282
1241795
1245374
1249073
1252727
1256222
1259702
1263473
1266893
1270437
1274210
1277759
1281252
1284855
1288612
1292105
1295632
1299394
1302878
1306458
1309998
1313549
1317194
1320674
1324305
1327886
1331683
1335182
1338818
1342167
1345842
1349491
1353089
1356655
1360300
1363822
1367553
1371069
1374703
1378369
1381994
1385545
1389190
1392698
1396293
1399935
1403606
1407134
1410867
1414357
1418035
1421631
1425210
1428656
1432389
1436009
1439622
1443074
1447007
1450258
1453963
1457556
1461262
1464861
1468501
1471898
1475650
1479547
1482860
1486797
1490021
1493798
1497294
1500976
1504508
1508186
1511710
1515551
1519127
1522643
1525991
1529944
1533709
1537125
1540822
1544226
1548140
1551509
1555283
1558755
1562436
1566011
1569792
1573330
1576942
1580462
1584085
1587730
1591413
1594860
1598688
1602232
1605945
1609478
1613312
1616809
1620536
1624179
1627641
1631274
1634982
1638745
1642204
1645856
1649331
1653165
1656599
1660357
1664213
1667755
1671403
1675062
