9615
39669
91132
160976
250343
353077
491710
630639
815614
996829
1207562
1445935
1687784
1951808
2218499
2558950
2889949
3222615
3639210
3994685
4368062
4816387
5285520
5756368
6287930
6732395
7230083
7816772
8386014
9043452
9615464
10279400
10845111
11590033
12290695
12979745
13665801
14447597
15179362
16014979
16789943
17625206
18552850
19340601
20247498
21124216
22046844
23045474
23912887
25065148
25979443
27094701
28065209
29164562
30217982
31333494
32540226
33643002
34824094
36091659
37275257
38462171
39523130
40982059
42296577
43507723
44832828
46207264
47472052
48991523
50264644
51762828
53351449
54669748
56149656
57541260
59250491
60700834
62072160
64387500
65607876
67278159
69033418
70574981
72385240
74152467
75746425
77560524
79536860
81192267
83130886
84296064
86431307
88592061
90183777
91915148
94367082
95747351
97891302
99687526
102271713
104031397
106028488
107885661
110447467
112845870
114531737
116511782
119112597
121182333
123263464
125678647
127501757
129604551
132519327
134746427
137084482
139268233
141605525
144227539
146882884
148951945
150998824
153900477
156360034
158741770
161306437
164037373
166595683
169047761
171690015
174276689
177008930
179522145
181938740
184660524
187507160
190223858
193298347
195880583
198959644
201562584
205201742
207493164
210043572
213354938
216649730
218960985
221439634
225007815
227761815
231474736
234261232
237451729
240748505
243402847
246142851
250485890
252774997
256462059
259028397
261781464
265642378
268614592
272192883
276621926
278412030
281322823
285182934
288924956
292014006
295139465
299236373
302107118
307079864
309378899
313839276
316454873
320690254
323970081
327726278
331944187
334726959
337943493
342821282
345769860
349772375
353898122
355681807
361308775
365845285
369678364
373073567
376958153
379215284
383898881
387820224
392034062
397413971
399692532
404204300
406815953
411377767
416371597
420807611
424416380
427785062
-427758687
-421765120
-418263799
-414707586
-410317871
-404313614
-400602617
-396833648
-393387581
-387918045
-383424866
-380029974
-374267836
-370900045
-367105754
-361209085
-357135539
-351155403
-348667372
-343509430
-339637168
-334441907
-330239960
-325174489
-320135596
-316151224
-312625092
-306371044
-302294822
-296341511
-292620210
-287958216
-282664044
-278080961
-274233923
-268914603
-264907027
-258623934
-253753363
-248748323
-244548902
-238934997
-232500832
-229682888
-223389376
-219189945
-215332282
-207702618
-203193739
-197555201
-193813132
-186390047
-181344593
-177775756
-172344765
-166208315
-162150499
-157288229
-151227189
-145387245
-141664173
-135611700
-130763373
-124819103
-118375546
-112974596
-110214871
-103590343
-97164839
-90357378
-87194958
-78981748
-75653225
-68081889
-63589969
-58953961
-53963695
-46697862
-40540800
-34764666
-29706016
-24508545
-17433061
-11806077
-5792797
96818
5787952
10271333
18195534
22259850
29077575
34452854
39502426
45494793
52650282
60628472
66576172
71097866
75815486
82618843
89902633
96796791
101991832
107320410
112070092
119854216
127459065
134989968
139740897
146210240
152442779
157841859
164664977
171829186
178140553
184910658
190576654
196511956
202020307
210024412
216961481
223152841
230916616
236770191
243129622
249487554
257417072
262516396
269616781
276358629
283346696
291802099
297246775
307055186
311993246
320142215
325223125
333224586
336259933
344254407
350859947
360199820
365205558
374223823
378940386
383415341
392372208
402070288
408668036
416286717
423388479
-427643324
-421494110
-415268192
-408210237
-399277285
-393355036
-383283350
-380910898
-372138181
-362717554
-355409984
-349705895
-340131545
-333614092
-325722891
-320931111
-311092835
-305218757
-296148762
-289858787
-281498094
-272788099
-268137245
-260095451
-249975165
-244779173
-238083668
-228317358
-223117707
-213816470
-206578505
-193771791
-186701127
-181077831
-175887695
-165021123
-157019408
-147893217
-143536842
-132524155
-126057197
-115816984
-105650538
-101984192
-94719169
-87762520
-75532457
-71430937
-62482754
-56628428
-44852757
-35277707
-25999879
-21977543
-14123531
-5251311
2716221
11285329
24193003
33129703
39137427
45786373
54244721
62635357
68955182
79557707
88463404
98982659
105953238
117740850
121494204
133288250
141455090
149246050
161304355
163145098
174497533
180479821
189473080
205744234
208744114
218490527
224923924
231060639
242608798
252686955
262122340
272464296
280757734
287527634
299618164
304715318
316719930
324944080
335975767
342401866
352524387
365102484
369801842
379846458
387244174
395518240
403310963
418137089
-427609726
-425470193
-415474845
-404949205
-395409305
-388294865
-379911719
-370156904
-359115522
-350250702
-342644519
-328465120
-318121478
-308615844
-302341361
-291780846
-283746874
-272774655
-263216016
-255609069
-246448264
-236073488
-222366168
-213839104
-204903735
-196393472
-190531381
-178616815
-170174300
-155166371
-145827746
-134135593
-125797320
-119439814
-104209426
-99503443
-87749195
-78104601
