1943
4287
6775
9375
11975
14751
17551
20351
23151
25951
28903
31903
34903
37903
40903
43903
46903
49903
52903
55903
59007
62207
65407
68607
71807
75007
78207
81407
84607
87807
91007
94207
97407
100607
103807
107007
110207
113407
116607
119807
123015
126415
129815
133215
136615
140015
143415
146815
150215
153615
157015
160415
163815
167215
170615
174015
177415
180815
184215
187615
191015
194415
197815
201215
204615
208015
211415
214815
218215
221615
225015
228415
231815
235215
238615
242015
245415
248815
252215
255615
259015
262431
266031
269631
273231
276831
280431
284031
287631
291231
294831
298431
302031
305631
309231
312831
316431
320031
323631
327231
330831
334431
338031
341631
345231
348831
352431
356031
359631
363231
366831
370431
374031
377631
381231
384831
388431
392031
395631
399231
402831
406431
410031
413631
417231
420831
424431
428031
431631
435231
438831
442431
446031
449631
453231
456831
460431
464031
467631
471231
474831
478431
482031
485631
489231
492831
496431
500031
503631
507231
510831
514431
518031
521631
525231
528831
532431
536031
539631
543231
546831
550431
554031
557663
561463
565263
569063
572863
576663
580463
584263
588063
591863
595663
599463
603263
607063
610863
614663
618463
622263
626063
629863
633663
637463
641263
645063
648863
652663
656463
660263
664063
667863
671663
675463
679263
683063
686863
690663
694463
698263
702063
705863
709663
713463
717263
721063
724863
728663
732463
736263
740063
743863
747663
751463
755263
759063
762863
766663
770463
774263
778063
781863
785663
789463
793263
797063
800863
804663
808463
812263
816063
819863
823663
827463
831263
835063
838863
842663
846463
850263
854063
857863
861663
865463
869263
873063
876863
880663
884463
888263
892063
895863
899663
903463
907263
911063
914863
918663
922463
926263
930063
933863
937663
941463
945263
949063
952863
956663
960463
964263
968063
971863
975663
979463
983263
987063
990863
994663
998463
1002263
1006063
1009863
1013663
1017463
1021263
1025063
1028863
1032663
1036463
1040263
1044063
1047863
1051663
1055463
1059263
1063063
1066863
1070663
1074463
1078263
1082063
1085863
1089663
1093463
1097263
1101063
1104863
1108663
1112463
1116263
1120063
1123863
1127663
1131463
1135263
1139063
1142863
1146663
1150463
1154263
1158063
1161863
1165663
1169463
1173263
1177063
1180927
1184927
1188927
1192927
1196927
1200927
1204927
1208927
1212927
1216927
1220927
1224927
1228927
1232927
1236927
1240927
1244927
1248927
1252927
1256927
1260927
1264927
1268927
1272927
1276927
1280927
1284927
1288927
1292927
1296927
1300927
1304927
1308927
1312927
1316927
1320927
1324927
1328927
1332927
1336927
1340927
1344927
1348927
1352927
1356927
1360927
1364927
1368927
1372927
1376927
1380927
1384927
1388927
1392927
1396927
1400927
1404927
1408927
1412927
1416927
1420927
1424927
1428927
1432927
1436927
1440927
1444927
1448927
1452927
1456927
1460927
1464927
1468927
1472927
1476927
1480927
1484927
1488927
1492927
1496927
1500927
1504927
1508927
1512927
1516927
1520927
1524927
1528927
1532927
1536927
1540927
1544927
1548927
1552927
1556927
1560927
1564927
1568927
1572927
1576927
1580927
1584927
1588927
1592927
1596927
1600927
1604927
1608927
1612927
1616927
1620927
1624927
1628927
1632927
1636927
1640927
1644927
1648927
1652927
1656927
1660927
1664927
1668927
1672927
1676927
1680927
1684927
1688927
1692927
1696927
1700927
1704927
1708927
1712927
1716927
1720927
1724927
1728927
1732927
1736927
1740927
1744927
1748927
1752927
1756927
1760927
1764927
1768927
1772927
1776927
1780927
1784927
1788927
1792927
1796927
1800927
1804927
1808927
1812927
1816927
1820927
1824927
1828927
1832927
1836927
1840927
1844927
1848927
1852927
1856927
1860927
1864927
1868927
