14876
59813
134240
239425
375064
538539
732424
955380
1206508
1495295
1805322
2148341
2526013
2929907
3359740
3822831
4313135
4839196
5397946
5968776
6582513
7220713
7893100
8563660
9314423
10091019
10882739
11700461
12546660
13383880
14313773
15281192
16234498
17239132
18239934
19275375
20390159
21542049
22649945
23772816
24993280
26205456
27419721
28810862
30103287
31415918
32777371
34235166
35681522
37099366
38597398
40093247
41671228
43219488
44873372
46459913
48089213
49829382
51529948
53363315
55086893
56930394
58725819
60572262
62462217
64411582
66462576
68371187
70349238
72488974
74369185
76618447
78567914
80950353
83013468
85264812
87608860
89643464
92126739
94400820
96701610
99130688
101530254
103940764
106438034
108874240
111318598
113997136
116688235
119139583
121918103
124603116
127291384
130040799
132901775
135541604
138304345
141264902
143837115
146999156
149919516
152821346
155894798
158870617
161901760
164831050
168219187
171303275
174349481
177502538
180599908
183894493
187355806
190371701
193856325
197370162
200540025
204016966
207507809
210689948
214468599
217807798
221325113
225203913
228614304
232133331
235778683
239606147
242985311
247013923
250925319
254622235
258283966
262242100
265961916
270286545
273729920
277884771
281910749
285994652
290162162
294475316
298034746
302070368
306432770
310545085
315208545
319106244
323438713
327787638
332173533
336236868
341101694
345059981
349792226
353957787
358827150
363305770
367706994
372519982
376802504
381102241
386316966
391011852
395829014
400293840
405288398
409776049
415152386
419381754
424656561
-429286165
-424590792
-419537202
-414604082
-409711640
-404968910
-399665395
-394407007
-389672442
-383758465
-379193746
-374164832
-368677589
-363102085
-358182312
-352951108
-348231361
-341885271
-336858916
-331494767
-325509384
-320273418
-314833263
-308935651
-303540827
-297943157
-292911202
-287154882
-280710812
-275434460
-269522729
-264183313
-258757053
-252759212
-246166108
-240510450
-234702259
-229181523
-222666877
-216690400
-210780589
-204805303
-198495507
-192030540
-186695088
-180454573
-174181514
-167869959
-161981130
-155660422
-149155162
-143544898
-136427945
-130061081
-123685074
-117028446
-111122383
-104896472
-98483284
-92171690
-85168351
-78609666
-72593150
-65210952
-57966470
-51817841
-44904789
-38826072
-32543258
-25353015
-18237066
-11290084
-4614523
2222301
9149391
16120304
22848556
30996775
37243618
43821544
51345558
58989150
64989922
72767213
80003368
87820728
93836021
101684965
108105567
116244087
124635821
131327937
138223943
145486705
153030177
160500986
168204436
175983832
183038810
190751462
199007005
206963896
214410391
221327742
229251320
237048815
245227149
252336781
260912506
267900642
276057236
283485284
292068257
300420300
307957303
316491156
324031777
332746710
340669953
348152802
356442584
364509601
372006347
381356477
388236853
397731651
406074020
413983270
422079218
-427685683
-420631097
-411018436
-402505784
-392708886
-386230350
-376928585
-367856398
-359627615
-351397288
-342648821
-333452482
-325100589
-315607996
-307636198
-298749946
-290994343
-281120819
-272240422
-264775835
-254682695
-245229763
-237024008
-227798528
-219057909
-209598095
-200562641
-191658204
-182310994
-173513395
-164948291
-155248351
-145386008
-137045065
-126965383
-118573263
-108092578
-98992510
-90032512
-79626328
-70061202
-60880221
-52277629
-41384977
-32355964
-23617943
-13290284
-3433018
5560076
15628147
24741333
35054777
44642639
53808323
64153993
74226644
84546860
94849935
102892101
114250790
124304317
133418675
143580213
153703077
163921377
172633892
183025933
193744591
203885272
214832597
224280171
233284588
244406784
256336792
265341624
275095352
287976020
297301465
307426655
317329157
328374437
338301994
350276100
359831758
369976987
381217168
391392981
401627699
412443775
424171490
-424149219
-414036767
-402456236
-391280912
-381851128
-371045750
-358618695
-349270364
-338328895
-325777047
-315757629
-304928558
-294837227
-281619995
-271390527
-260223823
-248122987
-238571551
-224918562
-215093227
-204631440
-192968475
-181492800
-169736344
-158237434
-147026043
-135391655
-124621526
-111780282
-101524885
-88763936
-78291459
-65919675
-54190469
-44177071
-32308368
-21050921
-9280431
4484503
15334097
26056388
38552693
50094768
64307763
74494867
86582945
98761639
110279607
122932907
135241586
146527342
158247735
171216191
181764480
193559102
206793210
219965885
232915797
243463305
255167318
267795796
281309648
293345628
305430497
317228181
330407897
342996844
355007653
367737507
380063178
392659778
405370938
417666878
-428861450
-415702458
-401730034
-390670561
-377071747
-365170128
-352397201
-338970160
-327481299
-312998333
-302856682
-287734516
-276408762
-261476176
-249074500
-235294780
-223813299
-208732079
-196017908
-184333335
-171333680
-156319962
-145004301
-131239252
-116939334
-104065415
-90135721
-77233403
-65365752
-51012887
-37934296
-23847407
-10646096
3840458
17892327
30632031
43084401
