1045
2343
3884
5641
6692
8354
9308
11581
13313
15011
16936
18431
19587
22788
22486
25082
27413
29495
32832
33274
33716
35292
38132
40500
42001
44426
45713
45991
49597
50548
51350
53008
60283
59467
63277
63668
64137
70839
69952
73266
73807
73691
80782
77094
82032
80566
89224
85554
93313
93972
95291
94390
94280
101722
98519
97919
104431
111813
118476
119915
114717
122485
117891
115794
120757
120565
127565
124722
135383
136945
135155
136688
137240
145234
139528
142059
142148
153523
150889
156178
156963
150857
158144
161554
173694
163424
170963
170612
172683
178557
172503
178827
177806
189859
183070
184932
181159
202899
191774
198696
202890
195295
213155
204827
207984
213607
214545
215509
207932
222193
224150
225552
214306
216373
231552
235361
231279
244322
241175
235904
245379
237187
253924
248863
251548
245579
252864
252645
278600
261249
270757
267820
269692
271569
271737
277526
272012
276471
280158
280558
288825
291994
285677
297449
293517
308978
318659
298300
312449
298136
310470
318067
330044
319645
307350
312861
309414
320142
322806
341374
332350
327065
344600
334752
346123
339838
350549
365606
342517
365714
367144
358928
346067
359720
386558
352781
375562
360784
399049
371856
368281
402192
385419
377750
383636
404335
385090
385413
392845
385353
409567
405906
409732
410773
410899
400136
409552
409386
426275
450753
429087
427783
433937
417772
442787
441296
433831
452740
460572
442880
459647
453117
447152
441844
483601
465663
485556
468463
463554
460011
502308
494123
479236
468461
496936
476230
488471
469806
509848
477395
488563
517439
495881
480464
499162
519711
524045
496381
516974
490789
516232
529202
535324
516167
527196
551812
520314
524179
508436
547752
534170
549940
547249
553364
557179
544024
555613
574159
562161
564171
563506
578686
571230
557295
586786
600214
588443
599277
621545
612734
559534
572290
588005
579071
609109
606476
605350
624627
619636
617064
623943
647767
639296
620775
601529
657557
635504
635667
629578
643459
631146
664081
643977
651170
649231
652819
692845
659217
669596
658607
683438
665882
665053
698829
677349
683702
694811
671701
726586
667429
698547
691754
701747
719383
705892
693010
693750
683070
689553
739766
690700
721747
706818
699680
710996
729005
742323
747341
740091
748183
730459
717868
741975
756918
749952
779303
770565
776236
761770
796534
747893
791066
794013
769548
765229
792245
754212
820105
812354
775111
803049
790065
821476
783177
790159
820537
786534
801228
806466
802317
826226
829098
835587
846550
815851
808921
846665
839085
847033
867207
829834
809782
824404
847621
874509
855093
856503
848863
840227
867179
827947
872872
881497
884937
872136
885780
878983
887043
906760
875708
885102
905120
876643
868019
898666
905850
921954
907683
926038
953731
917545
921373
934874
944774
911513
939861
913255
894805
898864
982799
937636
964986
943807
921475
914174
966674
929445
1003128
967629
945361
989292
968076
950433
964718
959569
977157
1003114
983531
977823
984570
974865
979162
1011497
1014373
983710
993992
991614
1036466
1024112
1005479
1015581
1000320
1048316
1056815
1025875
1003219
1031891
1088369
1047947
1045966
1043101
1079027
1071463
1035722
1067607
1064728
1019567
1026456
1052939
1066006
1070602
1103520
1084344
1047892
1044740
1087163
1095503
1068010
1084682
1073369
1049895
1148078
1122035
1097817
1126148
1118045
1126094
1111318
1123609
1114437
1096994
1102164
1107051
1152485
1138926
1120807
1137242
1124928
1149700
1091651
1113773
1105358
1146659
1151674
1131916
1186518
1145847
1155368
1173329
1166844
