20092
80195
180294
320393
500492
720592
980690
1280792
1620891
2000993
2421091
2881192
3381292
3921391
4501492
5121591
5781688
6481792
7221890
8001992
8822089
9682192
10582292
11522391
12502490
13522591
14582690
15682791
16822890
18002989
19223089
20483190
21783290
23123390
24503491
25923592
27383690
28883789
30423890
32003990
33624090
35284189
36984291
38724389
40504491
42324591
44184688
46084790
48024887
50004989
52025092
54085189
56185290
58325392
60505489
62725589
64985689
67285791
69625892
72005990
74426090
76886189
79386291
81926388
84506492
87126592
89786691
92486789
95226890
98006989
100827090
103687191
106587291
109527390
112507491
115527587
118587691
121687789
124827891
128007987
131228086
134488189
137788290
141128389
144508489
147928590
151388688
154888791
158428888
162008988
165629090
169289187
172989289
176729389
180509491
184329588
188189688
192089790
196029889
200009988
204030090
208090193
212190291
216330390
220510490
224730589
228990691
233290790
237630888
242010987
246431089
250891189
255391289
259931389
264511493
269131590
273791689
278491787
283231889
288011990
292832090
297692188
302592290
307532387
312512488
317532590
322592687
327692788
332832887
338012987
343233090
348493187
353793287
359133389
364513489
369933589
375393691
380893789
386433889
392013986
397634088
403294186
408994287
414734389
420514488
426334589
-426798770
-420898671
-414958567
-408978469
-402958371
-396898271
-390798171
-384658069
-378477969
-372257868
-365997769
-359697668
-353357571
-346977470
-340557372
-334097271
-327597171
-321057070
-314476969
-307856871
-301196769
-294496669
-287756569
-280976470
-274156367
-267296269
-260396171
-253456072
-246475968
-239455870
-232395769
-225295671
-218155570
-210975469
-203755369
-196495272
-189195170
-181855069
-174474969
-167054867
-159594772
-152094671
-144554570
-136974471
-129354373
-121694271
-113994174
-106254070
-98473972
-90653869
-82793773
-74893670
-66953569
-58973470
-50953373
-42893270
-34793172
-26653069
-18472969
-10252871
-1992769
6307331
14647428
23027528
31447631
39907729
48407829
56947929
65528028
74148127
82808227
91508329
100248430
109028530
117848630
126708730
135608830
144548928
153529028
162549128
171609230
180709328
189849431
199029528
208249629
217509729
226809827
236149930
245530027
254950128
264410228
273910329
283450427
293030528
302650628
312310727
322010826
331750930
341531027
351351129
361211231
371111330
381051430
391031528
401051631
411111731
421211829
-427641531
-417461430
-407241329
-396981228
-386681132
-376341029
-365960927
-355540831
-345080729
-334580631
-324040529
-313460426
-302840326
-292180230
-281480128
-270740031
-259959929
-249139830
-238279730
-227379628
-216439529
-205459431
-194439328
-183379228
-172279131
-161139030
-149958930
-138738829
-127478732
-116178628
-104838528
-93458431
-82038330
-70578230
-59078130
-47538030
-35957930
-24337827
-12677730
-977630
10762469
22542569
34362669
46222768
58122871
70062969
82043072
94063168
106123267
118223370
130363467
142543569
154763671
167023770
179323869
191663969
204044068
216464170
228924270
241424367
253964472
266544569
279164669
291824771
304524869
317264968
330045069
342865169
355725268
368625370
381565469
394545570
407565669
420625769
-425267588
-412127489
-398947390
-385727290
-372467191
-359167086
-345826989
-332446890
-319026790
-305566690
-292066589
-278526488
-264946390
-251326289
-237666187
-223966093
-210225989
-196445887
-182625791
-168765690
-154865590
-140925490
-126945391
-112925288
-98865191
-84765090
-70624990
-56444888
-42224787
-27964690
-13664590
675510
15055609
29475712
43935812
58435910
72976011
87556111
102176210
116836312
131536410
146276512
161056609
175876709
190736811
205636909
220577009
235557110
250577210
265637313
280737408
295877507
311057609
326277710
341537809
356837908
372178010
387558111
402978210
418438306
-425055048
-409514952
-393934850
-378314747
-362654647
-346954548
-331214449
-315434349
-299614250
-283754147
-267854049
-251913949
-235933849
-219913750
-203853650
-187753548
-171613450
-155433345
-139213250
-122953150
-106653049
-90312948
-73932847
-57512748
-41052648
-24552550
-8012448
8567650
25187751
41847852
58547948
75288053
92068150
108888250
125748352
142648450
159588549
176568652
193588749
210648851
227748951
244889051
262069151
279289251
296549349
313849451
331189549
348569648
365989752
383449850
400949949
418490052
-422923309
-405303208
-387643106
-369943010
-352202907
-334422810
-316602709
-298742608
-280842510
-262902407
-244922308
-226902210
-208842108
-190742010
-172601907
-154421810
-136201708
-117941607
-99641507
-81301407
-62921307
-44501208
-26041108
-7541009
10999093
29579191
48199292
66859390
85559490
104299590
123079692
141899793
160759893
179659992
198600087
217580191
236600293
255660392
274760492
293900593
313080693
332300790
351560889
370860992
390201089
409581189
429001292
-410532067
-391031969
-371491869
-351911766
-332291665
-312631569
-292931468
-273191367
-253411267
-233591167
-213731068
-193830967
-173890870
-153910770
