29302
118899
269795
479836
746064
1076838
1464445
1914661
2436701
2996562
3628902
4321538
5059345
5878300
6735687
7683534
8665874
9712800
10775337
11999685
13229725
14534677
15860566
17258286
18747722
20289968
21802501
23596145
25166364
27045866
28751797
30716565
32666184
34696490
36712507
38828500
40996248
43237626
45674173
47971716
50423313
52855602
55386926
58125130
60747336
63438889
66228836
69037564
71941577
75006071
78084354
81147251
84234771
87425276
90768457
94128442
97467786
100919593
104489378
107948699
111695541
115113645
119061476
122688489
126674750
130595728
134737547
138813502
142963848
146976964
151109798
155603336
159744500
164329314
168698492
173281669
177708286
182170666
187311000
191721855
196816300
201948320
206801659
212039088
217001262
221734785
226987765
232337477
237504612
242803273
248396752
253803488
259445172
264820025
270991673
276245531
282336475
287840655
293871446
299892559
