1561
3511
5614
7832
10063
12423
14827
17253
19692
22157
24710
27268
29866
32471
35100
37741
40368
42971
45640
48296
51019
53789
56533
59329
62078
64922
67675
70527
73337
76175
79017
81779
84684
87494
90378
93187
96081
98944
101787
104643
107525
110432
113407
116365
119275
122308
125285
128268
131201
134222
137166
140158
143126
146214
149160
152216
155237
158220
161285
164257
167356
170432
173473
176431
179478
182522
185496
188561
191677
194676
197768
200803
203814
206954
209929
213006
216113
219114
222172
225214
228261
231399
234461
237721
240796
244002
247165
250200
253558
256613
259803
262956
266141
269342
272514
275658
278847
282027
285179
288432
