9909
39327
88075
159863
251516
360283
488910
636589
812546
998329
1206237
1443289
1701043
1968072
2257160
2549576
2844127
3239848
3582220
4021277
4420241
4810272
5269397
5754821
6223009
6767921
7255417
7869457
8441623
9006406
9584138
10225912
10876026
11592278
12254974
12911658
13658958
14510372
15280819
15951385
16830132
17702040
18597910
19302922
20278415
20970710
22112263
23029767
24132244
25006369
26029558
27010893
28034118
29190677
30246037
31260573
32405591
33575351
34816553
35955326
37110701
38383999
39741421
40947980
42184492
43507008
44952979
46219488
47691606
48881136
50380966
51821400
53281855
54876093
56303292
57762662
59270372
60844086
62444165
63793390
65369425
67436012
68791332
70487439
72363794
74121120
75689264
77717978
79327274
80919257
82527444
84708558
86715585
88328677
90262418
92046512
94242063
96234611
98293978
100082266
