1943
4287
6775
9375
11975
14751
17551
20351
23151
25951
28903
31903
34903
37903
40903
43903
46903
49903
52903
55903
59007
62207
65407
68607
71807
75007
78207
81407
84607
87807
91007
94207
97407
100607
103807
107007
110207
113407
116607
119807
123015
126415
129815
133215
136615
140015
143415
146815
150215
153615
157015
160415
163815
167215
170615
174015
177415
180815
184215
187615
191015
194415
197815
201215
204615
208015
211415
214815
218215
221615
225015
228415
231815
235215
238615
242015
245415
248815
252215
255615
259015
262431
266031
269631
273231
276831
280431
284031
287631
291231
294831
298431
302031
305631
309231
312831
316431
320031
323631
327231
