15020
59248
134716
239949
372920
538449
728024
957596
1208408
1497273
1808298
2147704
2522069
2922955
3355761
3824690
4319659
4844723
5398452
5977470
6588792
7229914
7891522
8585324
9313988
10099155
10871488
11698645
12537540
13425907
14321802
15245904
16192198
17209245
18257768
19256289
20376477
21432254
22636833
23826260
25015279
26249375
27470740
28742998
30084237
31391438
32806952
34225164
35617749
37046486
38581408
40129188
41700619
43282614
44840366
46505846
48114541
49772532
51518757
53283068
55100678
56893133
58672561
60593628
62426956
64521964
66314476
68377179
70472894
72414473
74479662
76521983
78589095
80862671
82999680
85132376
87475989
89800059
92123405
94353078
96833185
99258016
101628762
104103239
106563687
108852671
111527068
113984870
116689744
119256900
121807651
124650303
127335136
129992475
132751885
135580964
138374990
141269530
143933092
146932267
