1194
2288
4120
5169
7477
8399
10198
11207
13080
15311
16675
17934
18954
22364
22721
24733
26700
29512
29906
32697
33809
37160
39308
39858
40048
42499
46254
46449
52611
52772
53704
53726
57901
63583
61089
61738
62098
65141
67550
71270
72934
76118
78113
81303
78857
80954
83940
84932
89004
90835
90380
99438
93316
101413
102945
99920
105911
107398
111929
115980
113754
108837
116671
121145
121151
126225
119074
132735
130267
136334
136148
136400
138512
137833
151888
150493
143529
148500
152615
149360
154488
157507
167429
165524
169674
167606
167876
162772
167681
172143
187657
175373
186035
180001
187124
198549
188634
195654
197424
195180
