20094
80194
180292
320393
500492
720592
980692
1280791
1620891
2000992
2421093
2881190
3381292
3921392
4501490
5121593
5781692
6481790
7221892
8001991
8822091
9682189
10582294
11522390
12502492
13522593
14582689
15682792
16822891
18002991
19223091
20483194
21783289
23123390
24503491
25923590
27383691
28883789
30423892
32003990
33624091
35284189
36984290
38724389
40504489
42324589
44184690
46084788
48024892
50004987
52025089
54085188
56185288
58325391
60505488
62725589
64985690
67285790
69625890
72005990
74426091
76886189
79386289
81926391
84506489
87126591
89786689
92486791
95226889
98006990
100827090
103687189
106587289
109527389
112507491
115527587
118587688
121687789
124827889
128007988
131228090
134488186
137788289
141128389
144508489
147928589
151388688
154888790
158428887
162008988
165629090
169289190
172989290
176729390
180509488
184329588
188189691
192089788
196029890
200009987
